function F = shinenghanshu(r)
F=4* 142.98842545429849337779160123318*((0.94396543650484804544479955467617/r)^12- (  0.94396543650484804544479955467617/r)^6-   0.24415874843770779545337745730649/r^4);
%ÊÆÄÜº¯Êý
end

